Degradation  Severity Level                   Severity Value  Mean Tumor Dice  Mean Tumor IoU  Dice Drop from Clean  IoU Drop from Clean
       blur               1                              0.5           0.3808          0.2925                0.0109               0.0106
       blur               2                              1.0           0.3152          0.2345                0.0765               0.0686
       blur               3                              1.5           0.2471          0.1752                0.1446               0.1278
       blur               4                              2.0           0.1963          0.1326                0.1954               0.1705
       blur               5                              2.5           0.1653          0.1074                0.2264               0.1956
      noise               1                             0.02           0.3880          0.2989                0.0037               0.0041
      noise               2                             0.04           0.3505          0.2655                0.0412               0.0376
      noise               3                             0.06           0.3120          0.2341                0.0797               0.0690
      noise               4                             0.08           0.2680          0.2005                0.1237               0.1025
      noise               5                              0.1           0.2247          0.1691                0.1670               0.1339
   contrast               1                              0.9           0.3527          0.2660                0.0390               0.0371
   contrast               2                             0.75           0.1705          0.1098                0.2212               0.1933
   contrast               3                              0.6           0.1218          0.0743                0.2699               0.2287
   contrast               4                             0.45           0.1050          0.0629                0.2867               0.2401
   contrast               5                              0.3           0.1105          0.0675                0.2812               0.2356
    ringing               1                             0.75           0.3871          0.2984                0.0046               0.0047
    ringing               2                              0.6           0.3766          0.2890                0.0151               0.0140
    ringing               3                             0.45           0.3521          0.2678                0.0396               0.0353
    ringing               4                              0.3           0.2974          0.2194                0.0943               0.0837
    ringing               5                              0.2           0.2281          0.1601                0.1636               0.1429
   ghosting               1  {"shift": 4, "intensity": 0.15}           0.3846          0.2964                0.0071               0.0067
   ghosting               2  {"shift": 8, "intensity": 0.25}           0.3675          0.2789                0.0242               0.0242
   ghosting               3 {"shift": 12, "intensity": 0.35}           0.3453          0.2559                0.0464               0.0471
   ghosting               4 {"shift": 16, "intensity": 0.45}           0.3045          0.2177                0.0872               0.0853
   ghosting               5 {"shift": 20, "intensity": 0.55}           0.2604          0.1797                0.1313               0.1234